1
32
2 1
0.6 
0.537255 
3 32
0 0 0 0 0 0 0 0 0 0 0 0 0 0 0 0 0 0 0 0 0 0 0 0 0 0 0 0 0 0 0 0 
-0.290354 -0.0126427 -0.211847 -0.152193 -0.00921023 -0.00405645 -0.000825956 -0.0363909 0.0119671 0.00595251 -0.0206394 -0.242208 0.148435 0.0197311 -0.000242321 -0.0243931 -0.0040247 -0.00391037 -0.00791737 -0.00927457 -0.00146205 0.0186725 0.0147674 -0.0355679 -0.00966373 -0.100799 -0.00216083 0.449171 -0.00388045 -0.037535 -0.00374674 -7.63627e-05 
-0.451237 -0.0221548 -0.353807 -0.242807 -0.0155469 -0.00736906 -0.00139894 -0.0582347 0.0209285 0.00745918 -0.0389711 -0.420544 0.1942 0.0432628 -0.000413495 -0.0466455 -0.00620716 -0.00732987 -0.0134833 -0.011414 -0.00273526 0.0351922 0.0235696 -0.0510331 -0.0163974 -0.155704 -0.00375235 0.624645 -0.00628714 -0.056638 -0.00511409 -0.000104623 
3 32
0 0 0 0 0 0 0 0 0 0 0 0 0 0 0 0 0 0 0 0 0 0 0 0 0 0 0 0 0 0 0 0 
-0.658643 -0.0180975 -0.299397 -0.345032 -0.0287557 -0.401297 -0.00902962 -0.0516344 0.0582622 0.0109858 -0.186667 -0.36801 0.58493 0.0550328 -0.00952042 -0.0790389 -0.0646602 -0.00834204 -0.0193347 -0.807944 -0.00785948 0.149664 0.280672 -0.177079 -0.115977 -0.676374 -0.173108 0.629049 -0.013342 -0.143225 -0.327295 -0.00378174 
-1.13806 -0.0333091 -0.539422 -0.608824 -0.0489245 -0.668013 -0.0142447 -0.0869218 0.106781 0.0133552 -0.31804 -0.645827 0.99238 0.114228 -0.0157669 -0.136143 -0.109111 -0.0149201 -0.0328355 -1.45034 -0.0130106 0.26902 0.493148 -0.28592 -0.205867 -1.19786 -0.319521 0.982534 -0.0232045 -0.231256 -0.563018 -0.00470969 
32 32
-0.296863 -0.000408521 -0.268516 -0.0404064 0.231601 -0.082477 0.06911 -0.240561 -0.0339202 -0.0996652 -0.035004 -0.115792 0.137862 0.0101322 -0.0276224 -0.0295613 0.520971 0.016639 -0.105897 0.178542 -0.213589 0.235808 -0.320358 0.075666 -0.0675103 -0.0728064 -0.0204007 0.112138 -0.0409733 -0.0848495 0.318417 -0.105418 
0.037847 -0.0892457 0.276626 -0.262055 0.0566879 -0.238912 -0.160461 0.107017 0.0211628 0.0273323 0.001121 -0.122711 -0.115922 -0.201309 0.312374 0.199436 0.323394 -0.0642752 0.0797905 -0.383952 -0.058897 0.139764 0.0786788 0.321636 -0.231737 0.123251 0.0793662 0.0657934 0.143932 0.0953882 -0.0418956 0.18469 
-0.18255 -0.239323 -0.135539 0.0608292 -0.220817 0.232665 -0.00736564 0.00683536 0.168724 0.348066 -0.100445 0.334379 -0.0153553 -0.122666 0.0114706 -0.0961167 0.201081 -0.282686 -0.183768 0.124552 -0.0124992 -0.102454 0.17899 0.346268 -0.0314524 0.0997848 0.189508 0.0735608 -0.242578 -0.114293 -0.168117 -0.0591872 
0.183767 0.0449862 -0.204735 -0.0424868 0.259801 0.0331023 0.320377 -0.252602 -0.180738 0.0840226 0.0302965 0.088596 -0.245566 -0.0399077 -0.309028 0.272109 -0.0953867 -0.269687 0.0573483 -0.0132394 -0.00998775 0.26633 0.238622 -0.0793887 -0.109207 0.219287 0.216129 0.143045 0.231386 -0.048425 -0.0478125 -0.0242158 
0.0505989 0.159333 0.0657529 -0.18911 -0.0120654 0.0714347 0.00157904 0.053524 -0.330411 0.414148 0.327857 -0.252161 -0.136985 -0.134731 0.0719441 -0.0183436 0.0195441 -0.014777 -0.266563 0.271085 0.197412 0.0302549 -0.246231 0.0490823 -0.115554 0.0383005 -0.126395 -0.295493 0.0571564 -0.187268 -0.148682 -0.0550723 
-0.0119799 0.17643 0.157285 0.382399 -0.0285629 -0.0920565 0.188905 0.128085 -0.305219 -0.0730908 -0.051428 -0.211095 0.189103 0.0139009 -0.0308045 -0.143866 0.0627128 -0.166188 0.011724 -0.267272 -0.113844 -0.0320348 0.278779 0.0855389 -0.174102 -0.0744578 0.185165 -0.274921 -0.169934 -0.300547 0.134424 -0.218929 
-0.0891089 0.0199522 0.264659 -0.175268 0.0510244 0.158768 -0.128136 -0.115771 -0.216115 -0.0206822 0.168783 0.389614 0.131424 0.0156779 0.134349 0.155979 -0.0196098 0.117236 -0.200174 0.0176828 0.258491 0.163548 0.332279 -0.151568 -0.0875781 -0.068305 -0.068966 0.0774343 -0.217513 -0.0118036 0.440271 0.0105423 
0.235683 -0.137036 0.0828503 0.240516 0.240132 -0.198765 0.116719 -0.00407892 0.139602 0.166033 0.00338913 0.160953 0.147768 -0.222265 0.150877 -0.235839 -0.228045 -0.237257 -0.0384918 0.0612791 0.0665853 0.191612 -0.145995 0.0337847 -0.226859 -0.458006 -0.162256 0.197331 0.0818657 -0.0523939 0.0149877 0.119363 
0.192159 0.199608 -0.0404469 0.157358 -0.251726 -0.125644 -0.104965 0.131147 -0.273627 -0.23753 -0.175763 0.193629 0.0256469 -0.147212 0.0518613 0.085399 0.201845 -0.109176 -0.242391 0.0901994 0.230356 -0.171048 -0.0821184 0.0683776 0.13935 -0.000294224 -0.0158964 0.292527 0.40237 0.041797 0.0155302 -0.273957 
0.146783 0.117417 -0.234924 -0.164839 -0.286778 0.185972 0.0538475 0.150455 -0.1794 -0.245951 -0.111927 -0.137233 0.0156869 0.0281061 0.123768 -0.227816 -0.125914 0.10273 0.02005 0.124765 0.0729149 0.178568 -0.0919279 0.0132482 -0.38913 0.0317652 0.313702 0.270364 -0.20265 -0.0114781 -0.0193266 0.306491 
-0.193976 0.282457 0.254222 0.0883804 0.0404964 -0.113291 0.0128622 0.241404 -0.02918 0.240579 -0.120675 0.219101 -0.160388 0.240803 -0.21991 -0.179926 0.0476346 0.206256 0.140988 0.135547 -0.175205 -0.0318345 0.0296289 0.0588987 -0.167401 0.21146 -0.22938 0.273878 0.165694 -0.247987 0.0574957 0.199384 
0.213649 0.22639 -0.0549592 -0.262317 0.0735765 0.229238 -0.100222 0.249873 0.0979959 0.278339 -0.189459 0.192257 -0.0186442 0.22813 0.122596 0.0470413 -0.0197361 -0.0620609 -0.0935498 -0.295216 -0.30061 0.0948551 -0.238896 -0.200502 0.0174404 -0.186708 0.190599 -0.025113 0.019357 -0.0400873 0.0761056 -0.307543 
0.125294 0.0109377 -0.0619076 0.296403 0.0374814 -0.0627092 -0.115306 0.192167 0.0915452 0.0270429 0.206169 -0.0250745 -0.342139 -0.0201571 0.0710905 0.330899 -0.0533134 0.211904 0.264142 0.284174 -0.0438718 0.0148525 -0.0103303 0.202223 -0.191325 -0.0947987 0.0831546 0.0952232 -0.261013 0.146668 0.143569 -0.373404 
0.00805622 -0.207951 0.293343 0.133973 0.0841103 -0.0833775 0.22089 0.165769 0.0206468 0.210532 -0.200056 -0.175093 0.262279 -0.138515 -0.0142071 0.132973 -0.105628 0.304968 -0.347416 0.182327 -0.117681 0.0954651 -0.0451953 -0.114197 0.128469 0.241453 0.343796 0.107766 0.0165178 0.195936 0.0404901 -0.00615425 
-0.116665 -0.0109235 0.202783 -0.186071 -0.213008 -0.221281 -0.0401453 -0.0381294 0.121669 -0.133054 -0.00831377 -0.0925924 0.101686 0.164804 -0.198677 0.251027 0.0322074 0.0218932 -0.10815 0.0986737 -0.00322892 0.268735 0.114385 -0.108752 -0.0695111 -0.305214 -0.0307752 0.183389 -0.121642 -0.26182 -0.501812 -0.210165 
-0.288689 -0.125996 -0.213741 0.20046 0.126958 0.110246 -0.123826 -0.0186277 -0.0656414 0.0825594 0.226886 -0.254873 -0.192091 0.148695 0.208502 -0.087826 -0.197511 0.177659 -0.257349 -0.346004 0.0695682 -0.00691957 0.102712 0.0451669 0.140118 -0.0764513 0.0579903 0.41021 0.151707 -0.184425 -0.0452669 -0.0549273 
-0.243203 0.23286 0.159671 0.327367 0.115384 0.225452 -0.0207345 -0.229654 -0.248822 -0.0101187 -0.378564 0.101298 -0.199765 -0.0419917 0.11253 0.172461 -0.0174115 0.0211481 -0.0209592 -0.11907 0.0578975 0.162606 -0.232535 0.0306947 0.00444376 -0.0888229 -0.0744693 -0.0765662 -0.201211 0.244908 -0.314612 0.13435 
-0.0806803 -0.160588 -0.0768797 0.00548244 0.123073 0.085966 -0.211306 0.238426 -0.0847903 -0.246908 -0.0804863 0.0519313 0.176126 0.0839317 0.174085 0.00299344 -0.326382 -0.189846 -0.00764956 0.143153 -0.151381 0.412406 0.002968 0.212541 0.0444623 0.376466 -0.27662 -0.141501 0.0784061 -0.0872647 -0.0598273 -0.182038 
-0.209925 0.181871 0.241539 -0.0973681 -0.255787 0.078017 0.186018 -0.0240175 0.232818 -0.124229 0.101158 -0.108138 -0.120054 0.0233933 -0.261167 0.108729 -0.323495 -0.262937 -0.198332 -0.0959753 0.00735224 0.0380451 -0.240026 0.377629 0.041034 -0.0746355 0.0306343 0.0330595 0.0470881 0.103209 0.339246 0.0222107 
-0.198862 0.217897 0.153289 -0.117035 0.159645 0.0779221 0.2213 0.26146 0.171095 -0.0815176 -0.0337553 -0.153916 -0.195485 -0.220647 0.267021 -0.143771 0.109662 -0.276758 0.226676 0.179044 0.196047 0.100115 0.106659 -0.239922 0.369836 0.0242529 0.0618686 0.16629 -0.128216 -0.0840722 0.0156336 -0.0722027 
0.290778 0.260264 0.00166643 0.258196 -0.109914 -0.0322431 0.0650098 -0.163155 0.218918 -0.11214 0.257808 0.0920533 0.00189484 0.118551 0.338065 0.23464 0.0823452 -0.0341547 -0.209994 0.0884779 -0.276902 0.0387245 -0.020146 -0.0117007 0.214672 0.143852 0.0190522 -0.0316945 -0.0848909 -0.290438 -0.0312637 0.344909 
-0.0323248 0.292526 -0.0582103 0.0458361 -0.0040744 -0.204825 -0.310898 -0.279435 0.286588 0.0950947 -0.0608865 -0.0169198 0.139867 -0.323837 -0.057959 -0.0621943 -0.178957 0.0327286 0.0261284 -0.182746 0.204951 -0.00185711 -0.161939 -0.152426 -0.17241 0.403553 0.057594 0.081867 -0.171028 -0.179961 0.0278552 -0.201742 
-0.226728 0.0860504 -0.176948 -0.232621 0.176773 -0.417951 0.222496 -0.0186635 -0.133046 0.0497395 -0.13537 0.0922587 0.119411 0.253457 0.326379 0.229425 -0.263881 -0.129695 -0.00721292 0.0974527 0.0603078 -0.419868 -0.0379513 0.0965483 -0.0798113 0.0132322 0.0658629 0.0148349 -0.127253 0.00297376 -0.0352861 0.0083758 
-0.294829 -0.0344033 -0.119678 -0.00936376 -0.150988 -0.279157 -0.231406 0.165555 -0.285362 -0.00908062 0.199252 0.239725 -0.0963143 -0.386725 -0.123578 0.0356694 -0.161486 -0.0588814 0.0693655 -0.00780515 -0.343014 0.06775 -0.0976137 -0.190273 0.182056 -0.147664 0.240025 -0.0752304 -0.0163341 -0.0430473 0.0179468 0.196666 
-0.292304 -0.107762 0.0133156 0.154888 -0.181883 0.215282 0.340269 0.122193 0.106197 -0.0467149 0.288682 0.217635 0.226164 -0.0166591 0.163685 0.196071 0.0743841 0.0633151 0.242024 -0.135953 0.127352 0.00572167 -0.253345 -0.209395 -0.28248 0.0967445 0.0477566 -0.0613652 0.285455 -0.0520414 -0.102778 -0.0834889 
-0.0726876 -0.110552 0.221771 -0.039073 0.064384 0.188018 -0.0747573 -0.15205 0.0363839 -0.245828 -0.0239148 -0.0947041 -0.236248 -0.155279 0.117824 -0.0631279 -0.0646622 -0.173875 -0.222474 0.161208 -0.411528 -0.365117 0.0665577 -0.298296 -0.38885 0.0444066 -0.0839148 0.0651192 0.0837215 0.0238085 -0.0237413 -0.126186 
0.0188463 0.195257 0.0279588 -0.0963829 0.0117976 -0.189936 0.27674 -0.0785618 -0.0330194 -0.100482 0.350432 0.249 -0.0371043 0.00444443 0.0582808 -0.432749 0.0243936 0.150471 -0.144908 -0.121045 -0.167344 0.115647 0.0551277 0.104131 0.027626 0.127873 -0.0338794 0.0416621 -0.125647 0.40658 -0.245023 -0.262955 
0.0423701 -0.279899 0.305405 0.0386329 -0.251434 -0.16514 -0.0884449 -0.384227 -0.150141 0.0891055 -0.0380199 0.0345394 -0.195163 0.338061 0.208722 -0.239213 -0.0357506 -0.113918 0.242584 0.115195 0.047097 0.129997 -0.191923 -0.0623482 0.11009 0.0850427 0.282542 -0.0127752 0.0972275 -0.0660927 0.109955 -0.146296 
0.0605715 -0.0776424 0.153519 0.132177 0.299418 0.00902076 -0.250956 0.216837 -0.0803296 -0.094017 0.311327 0.00392886 0.125719 0.294975 -0.260616 0.000960174 0.155529 -0.372523 -0.0650979 -0.0442435 0.144719 -0.133103 -0.251547 -0.106055 -0.0314161 0.151835 0.159347 0.172597 -0.230241 0.149297 -0.118106 0.125507 
0.0637867 -0.242025 -0.152091 0.0764252 -0.336028 -0.21249 0.212143 0.149006 -0.0789031 0.143331 -0.0956686 -0.087794 -0.217532 0.0484966 0.00233254 0.0940631 0.0688166 -0.159657 -0.136362 -0.229182 0.0047273 0.100905 -0.071746 -0.314162 -0.0334601 0.173449 -0.448836 0.0964934 -0.299807 0.0908272 0.159427 0.00623586 
-0.198663 0.121457 -0.168305 0.159526 -0.00943253 -0.22747 -0.151458 0.13555 0.297092 -0.0139849 -0.0672112 0.0162995 -0.204323 0.221925 0.0429386 -0.0916775 0.0757883 -0.0741588 -0.290511 0.120605 0.21284 0.200903 0.205821 -0.191601 -0.217684 -0.0454865 0.179917 -0.364875 0.229916 0.22127 0.047011 0.102277 
0.097047 -0.266264 0.0569858 -0.0778623 0.232964 -0.0826797 0.169102 0.130164 0.0660779 -0.341862 -0.11432 0.263274 -0.36792 -0.0729109 -0.100824 -0.0644184 0.0138321 0.248781 -0.201078 -0.123304 0.201516 -0.0549779 -0.230788 0.0711649 0.0111883 0.0414908 0.101557 -0.205282 -0.119811 -0.395216 -0.0140049 -0.0197224 
32 32
-0.0123307 0.0023697 0.172226 0.0570096 -0.0622537 -0.241581 -0.303675 -0.130598 0.140614 0.121238 0.274435 -0.0520829 -0.322987 0.209429 -0.0735587 -0.1928 -0.229625 0.289528 0.111053 -0.211421 -0.225437 0.281283 0.0431217 -0.17207 0.174351 0.00453724 0.124881 0.245674 0.12647 0.0225337 -0.033912 -0.114629 
-0.125846 -0.138786 -0.0781956 -0.174531 0.322142 0.26576 -0.025239 0.191751 -0.125268 0.1152 0.272843 0.00343671 -0.0635673 0.116852 -0.245468 -0.166772 0.117947 0.213393 0.191426 0.130625 -0.0561749 -0.204962 0.111309 0.110437 -0.117214 -0.0362635 -0.102711 0.168186 0.131793 -0.100148 0.467302 0.157382 
-0.27245 0.181262 0.0433087 0.188572 0.123786 -0.143 0.158282 0.177147 -0.323292 0.127438 0.263105 -0.228203 0.196652 0.161087 0.0540878 -0.0246746 0.0445399 0.115688 -0.126015 0.171923 -0.25142 0.115397 0.039266 -0.118158 0.01224 -0.0308532 -0.338078 -0.0733629 -0.262745 0.207315 -0.249005 0.0736608 
-0.256081 0.269745 0.0142069 -0.228467 0.204163 0.0647998 -0.114601 -0.177401 -0.117817 -0.0751901 -0.0612694 0.0761645 0.195491 -0.0786176 -0.0476033 0.0183191 -0.141368 -0.108771 0.207917 0.0335609 -0.00557131 -0.00198181 -0.427248 -0.0917718 -0.185319 0.161835 0.039699 0.476898 -0.048963 -0.161782 -0.239539 0.00507559 
-0.20048 -0.147985 0.0637305 -0.0826535 -0.257954 -0.113069 -0.101521 0.130468 -0.0519325 0.0846858 -0.126742 -0.260499 0.0962892 -0.187738 0.16043 0.0591313 -0.15806 0.221916 -0.143542 -0.0457938 -0.281934 -0.20448 -0.241246 -0.103714 -0.192406 0.130721 0.13962 -0.192399 0.354651 -0.0441094 0.0749144 0.348824 
-0.185627 -0.257339 0.292966 0.0297966 -0.244848 -0.0785985 0.101889 -0.11468 -0.0191977 -0.327129 0.154021 -0.0878118 0.0153023 0.0973946 -0.010501 0.134466 0.317311 -0.169044 0.10706 0.233983 0.0621469 0.353686 0.0417511 -0.214748 -0.326254 0.118203 0.0569166 0.0491842 0.0462808 -0.0466251 0.22034 -0.0706386 
0.192787 0.139719 -0.238965 0.0902445 -0.286327 -0.32076 0.163345 0.236159 0.245277 0.0735139 0.0900232 0.0648611 0.0721331 -0.0806125 -0.209565 -0.219727 0.331722 -0.030564 0.359916 -0.100445 -0.201265 -0.13793 -0.21077 0.0499225 -0.157287 0.176528 -0.0684771 0.0313847 -0.0503122 0.0532831 -0.0247647 -0.065992 
0.0685308 -0.168966 0.181405 -0.19173 -0.117653 -0.215037 0.280176 -0.217026 -0.101211 0.232562 -0.00372213 0.0588045 0.301168 0.0368686 -0.36277 0.0124078 -0.275018 0.00229403 0.11454 0.126114 0.114372 -0.0399769 0.0672679 0.153481 -0.0234921 -0.187639 0.214189 0.0702411 0.0436149 0.41846 -0.0241478 0.0905257 
0.117654 0.0205983 0.121965 0.0679585 -0.0913661 0.0234815 0.041117 0.254631 -0.0555783 -0.108383 -0.19096 -0.170815 0.0972593 -0.350541 0.123161 -0.0233064 -0.0733243 -0.0912468 0.13296 -0.170534 -0.16142 0.0439429 0.170251 -0.218345 0.0709421 -0.434241 0.0124796 0.409239 -0.245413 0.0157928 0.253991 0.104661 
0.179532 0.1621 0.115869 -0.146123 0.215422 0.227092 -0.0399499 0.225982 0.146113 -0.21001 0.0289578 -0.133462 0.0609231 -0.156525 0.011991 -0.381618 0.142378 0.0909272 -0.254988 0.0770158 0.0312789 0.218927 -0.0147557 0.0249477 -0.108156 0.169474 0.327972 0.0157685 0.0709052 0.431372 -0.0958538 0.014611 
-0.258495 0.237643 -0.0252145 0.102775 0.111428 -0.19981 0.150242 0.0784629 0.148748 0.018879 -0.354714 -0.0701055 -0.0797104 0.213542 -0.236835 -0.133209 0.0183585 -0.153081 -0.155312 0.328933 -0.0875088 -0.213381 0.13702 -0.276238 0.200116 0.0214707 0.332567 0.0164441 0.0411513 -0.156182 0.124353 -0.0902207 
-0.131941 -0.0854067 -0.024399 0.349036 0.162532 -0.130995 0.228765 -0.184555 0.11483 -0.334581 0.0280016 -0.278003 -0.113456 0.0388029 0.0437301 -0.0496986 0.0994107 0.0263183 -0.051026 -0.181108 0.221859 -0.27203 -0.116795 0.153943 0.0684654 -0.125348 -0.159767 0.288926 0.33037 0.183463 -0.0957647 0.114139 
-0.118187 0.036189 -0.251425 -0.0648108 0.0602837 -0.163388 0.113707 0.10769 0.0837937 0.176911 -0.231664 0.0054897 -0.0145776 0.179245 0.414186 -0.0743434 0.0979982 0.20814 0.262782 0.180061 0.234209 0.425137 -0.118606 0.181498 0.0110211 -0.245268 0.129344 0.00746578 0.0714224 -0.0582721 0.0175468 0.195296 
0.255964 0.263751 -0.076243 -0.12241 0.23255 -0.280457 -0.0883602 -0.131676 -0.211334 0.0133556 -0.131919 0.133459 -0.366467 -0.0946241 0.0604662 0.270517 0.0764355 -0.0461906 0.012368 0.130787 -0.0894896 -0.0126514 -0.0581506 -0.230182 -0.189118 -0.0559759 -0.182883 -0.043873 0.195634 0.371844 0.213204 0.00799177 
-0.079138 0.2281 -0.126584 0.0284409 -0.203335 0.0186973 -0.266837 0.0651344 -0.217899 0.00114373 -0.183409 -0.0603204 0.232203 0.307752 -0.298846 0.0434549 0.150411 -0.00199409 -0.185017 -0.419367 0.289351 0.178354 -0.114238 -0.0421673 0.0773342 0.0364496 -0.0581521 0.00653163 0.0194085 0.127341 0.288519 0.0974215 
-0.170623 0.106094 0.0961029 0.118943 0.142358 0.101379 -0.155893 -0.0758638 -0.0400237 0.128684 -0.0901381 0.0223249 0.078238 0.0638701 -0.0031878 -0.187959 0.118323 -0.231248 0.227022 -0.294963 -0.0971896 -0.0388482 0.286824 -0.0323879 -0.430145 -0.339261 0.0968495 -0.262211 0.246841 -0.0130556 -0.239194 -0.0803822 
-0.128727 -0.147457 -0.190906 0.284374 -0.116499 0.0314279 -0.230326 -0.0112476 -0.242231 -0.0713267 -0.0356044 0.0178937 -0.010612 -0.200163 -0.0767364 -0.262369 -0.147587 0.0140132 -0.0607477 0.277164 -0.0311714 0.0427211 -0.34406 0.158654 -0.0330222 -0.266184 0.00988628 -0.0795398 0.025721 0.0951767 0.154565 -0.485354 
-0.173604 0.204964 -0.0818521 0.128817 -0.22816 0.360549 0.0412583 -0.259318 0.184201 0.433701 0.110311 -0.205421 -0.177476 -0.131772 0.0949722 -0.0260327 -0.0177623 -0.393295 0.0180911 0.0986616 -0.055036 0.0959983 -0.0110191 0.0924112 0.0705664 0.129456 -0.0492233 0.0882517 0.0304088 0.215608 0.176406 0.148865 
0.20481 -0.0992359 0.167507 -0.0176615 -0.119668 0.0512317 -0.123374 -0.191868 -0.147259 0.094646 -0.308483 0.023014 0.101896 -0.131667 -0.104598 -0.380981 0.225939 0.0659414 0.0415521 0.250045 0.0277837 0.0858874 0.109663 -0.134847 0.235647 0.0771678 -0.406378 0.0706548 0.264305 -0.147724 -0.189306 0.153538 
-0.119436 -0.0658384 0.00345706 -0.277576 0.191211 -0.209824 -0.217137 -0.324848 0.164674 0.0531875 -0.147868 -0.452969 0.0352437 -0.20495 -0.128781 0.103991 0.32316 0.124844 -0.015832 -0.0490468 -0.134406 0.0146882 0.0519003 0.275042 0.049646 -0.0464401 -0.0126669 -0.0931648 -0.296993 -0.0351788 0.0561364 -0.134491 
0.0681644 -0.283705 0.237393 0.128579 0.0940752 0.0649947 -0.149339 0.342971 -0.167271 0.0774549 -0.249529 -0.0340915 -0.277102 0.202124 -0.151121 0.216536 0.130965 -0.279074 0.105626 0.0208934 -0.222345 0.063225 -0.195846 0.313532 0.111003 0.0661025 0.106582 0.106265 -0.0245697 0.0956189 -0.211847 0.116243 
-0.0817523 0.0454443 0.323332 -0.207217 -0.0848928 -0.0319691 0.188032 0.16142 -0.0973996 0.32504 0.145732 -0.0461025 -0.352227 -0.176594 -0.0711471 -0.0897692 0.212848 0.0204157 -0.17934 -0.113095 0.39373 -0.100863 -0.283565 -0.158046 -0.0206629 -0.232281 0.0202278 -0.0350721 -0.0652305 -0.148462 -0.107937 -0.109689 
-0.226674 -0.0355816 -0.112516 0.05151 -0.179675 0.352964 -0.0802194 -0.0126085 0.275032 -0.126047 -0.156387 0.128733 -0.176759 -0.0269731 -0.273922 0.221714 0.0718993 0.388926 0.156041 0.121263 0.0205221 -0.0519889 -0.0243903 -0.260513 -0.0387505 -0.190595 -0.0524208 -0.0640293 -0.171216 0.255851 -0.235534 0.133635 
-0.212619 -0.202283 0.112815 0.0170061 0.177519 0.114346 0.308876 -0.193702 -0.164782 0.0237704 -0.184415 0.253931 0.00783721 -0.0374263 0.189592 -0.178685 0.140067 0.0928082 0.189685 -0.333616 -0.173558 -0.00832907 -0.16267 -0.172631 0.266448 0.223787 0.0888855 -0.169025 -0.119224 0.212145 0.192246 -0.110054 
0.255265 -0.132202 -0.314574 0.250735 0.143046 0.156635 0.28856 -0.167359 -0.133092 0.24038 0.000775868 -0.0725547 0.0529266 -0.100203 -0.207003 0.205822 0.157818 0.167944 -0.244303 -0.0941441 -0.173137 0.25508 -0.0425319 -0.147246 -0.142676 -0.0245135 0.236932 0.168473 0.120929 -0.220649 -0.0982365 -0.0426602 
-0.149226 0.253468 0.089629 -0.315903 -0.144498 0.151618 0.297522 0.138996 0.0704881 -0.146355 -0.0334471 0.0591459 0.0366449 -0.015881 -0.0804777 0.204305 0.0122494 0.0494272 -0.0504144 -0.067996 -0.306054 0.192359 0.0161096 0.234927 0.20461 -0.157357 -0.19248 0.0101223 0.416902 -0.0407404 -0.0073356 -0.312978 
0.0279002 -0.180367 -0.195527 -0.331569 -0.217867 0.0304645 0.0525799 -0.182221 0.00283888 -0.0769492 -0.0604528 0.137319 -0.132316 0.37213 0.156245 -0.273229 0.103592 -0.125659 -0.384112 -0.0399481 -0.289628 -0.11596 -0.0572848 0.0195208 -0.186109 -0.225446 -0.0599359 0.197115 -0.182063 0.0490676 -0.0567553 0.0855819 
0.268686 0.231696 0.256051 0.126071 0.0879252 0.0983424 -0.00195114 -0.229427 0.113412 -0.16213 0.19706 0.0178625 0.125992 0.143208 -0.0732769 -0.0209634 0.0643678 -0.0345308 0.0500426 0.094159 -0.188073 0.00708643 -0.412222 0.00805053 0.160068 -0.33605 0.0946822 -0.294076 -0.050357 -0.172905 0.143845 0.304789 
0.148077 -0.239041 -0.144129 -0.194905 0.188586 0.0906059 0.154759 0.105853 0.202867 -0.0163808 -0.11617 -0.404588 -0.025212 0.17038 -0.145892 -0.100909 -0.355022 -0.211041 0.139727 -0.0786714 0.0558152 0.163865 -0.204249 -0.300026 -0.063444 0.0054212 -0.291194 -0.211914 0.0112102 -0.000631059 0.00453057 -0.107727 
0.0444855 0.202537 0.311502 0.224096 -0.0170116 0.0285265 0.220477 -0.0699018 0.0499149 0.00430403 -0.335704 0.032805 -0.193471 0.0433444 -0.0975244 -0.129185 -0.25491 0.259689 -0.0890886 -0.0487336 -0.0153666 0.0967376 0.0233329 0.295874 -0.424419 0.157821 -0.196248 0.00266356 -0.211774 -0.129997 0.164794 0.0219287 
0.187375 0.213231 -0.116211 -0.116869 -0.265552 0.180372 0.125005 -0.120924 -0.471855 -0.203995 -0.00612518 -0.401301 -0.226965 0.146582 0.0538731 -0.0522651 -0.0198477 0.127778 0.319815 0.0314786 0.0303695 -0.162572 0.107622 0.0447409 0.0502998 0.0800282 0.239632 -0.0762317 -0.0506126 -0.0472281 -0.11028 -0.0702256 
-0.228638 -0.00703634 -0.242546 -0.0762368 0.0290001 -0.181295 0.0964088 -0.016199 -0.16922 -0.271827 0.101723 0.136657 -0.28266 -0.332858 -0.309542 -0.17731 -0.126271 -0.195145 -0.0336204 -0.109951 -0.029665 0.283951 0.101141 0.102303 0.0760507 0.000880413 0.0343984 -0.182793 -0.0488989 -0.117371 -0.0725686 0.398762 
32 32
-0.250045 -0.119537 -0.267248 0.19496 0.0136927 -0.120509 0.00727627 -0.17192 0.0115701 0.236235 0.0726655 0.0916601 0.0360708 0.0393844 0.0689819 0.120427 -0.139964 0.0888436 -0.0700387 0.332883 0.206707 0.187613 -0.268592 -0.209801 0.155593 0.231863 -0.355004 -0.0213553 0.10906 0.164354 0.164162 -0.264783 
0.0471914 -0.254265 0.0433472 -0.0630202 0.0862569 -0.0308296 0.321743 -0.121606 0.170146 0.119157 -0.155944 -0.157372 -0.30763 -0.211537 -0.10757 -0.0332383 -0.0679787 0.189583 0.37964 -0.0586346 -0.115191 0.0946047 -0.0268731 0.20702 0.181003 -0.210244 -0.184856 -0.306893 0.0844487 -0.136327 0.260546 0.0586142 
0.200946 0.282988 -0.08021 -0.328174 0.0255031 -0.276202 -0.070216 -0.180471 -0.205317 -0.0375612 -0.0410704 0.09692 -0.267148 -0.210765 -0.349465 0.215212 0.103128 0.00806988 -0.273863 0.0499948 -0.0619789 0.1316 -0.0743011 0.120863 -0.166808 0.19227 -0.0617017 -0.0713098 -0.0757017 -0.245291 0.0538871 -0.200282 
-0.292766 0.106483 0.127147 -0.087303 0.258054 0.015583 0.179977 0.069946 -0.0988497 0.0320308 0.222533 0.22302 0.209138 -0.324011 -0.259537 -0.390188 0.0651968 -0.109565 -0.085237 -0.124026 0.0727471 -0.13464 -0.141378 -0.0709744 -0.107928 -0.0718752 0.0371999 -0.0589665 -0.0482734 0.189393 0.385984 0.0212548 
-0.172979 -0.026588 0.0593833 0.0166289 -0.289027 -0.122244 0.160017 0.0330981 -0.243584 0.0750449 -0.00623309 -0.0939338 0.17242 0.0615183 -0.0584202 -0.0989714 -0.416128 -0.0171807 -0.139225 -0.119588 0.190791 0.174732 -0.101523 -0.0482386 -0.0799283 -0.392469 0.0535791 -0.232432 -0.18139 -0.296194 -0.241685 -0.191752 
0.0751165 -0.114109 0.338291 0.285223 0.0939321 -0.0365938 0.20652 -0.256025 0.0233499 0.227604 -0.156788 -0.316999 0.148321 -0.175077 0.117083 0.024027 0.222603 -0.0943851 -0.206688 -0.012971 0.109124 -0.196491 -0.253985 0.108672 -0.170896 0.110232 0.0136335 0.256573 0.121009 -0.258986 -0.0540587 -0.0512868 
0.0855363 -0.114279 -0.24331 -0.100282 -0.308843 0.208431 -0.00760624 0.25501 -0.0491538 0.216436 -0.125213 -0.0873577 0.146427 -0.117915 -0.0607833 0.148101 0.24887 -0.377415 -0.225258 0.129275 -0.0044048 0.13693 0.0782013 -0.0248699 -0.114177 -0.239965 -0.198677 -0.0889282 0.234651 -0.00923663 0.196106 0.252922 
-0.0395849 0.238919 -0.14958 0.116349 -0.0786418 0.0786558 0.240238 -0.143476 0.360183 0.111138 -0.00841433 0.197283 0.0280757 0.140831 -0.195437 0.136274 -0.174676 0.064505 -0.0837264 -0.346036 -0.146032 0.272471 -0.228276 0.0631774 -0.179484 0.0308407 0.20773 0.10131 0.318526 0.111892 -0.0795704 0.190588 
-0.0892666 0.0658215 0.04297 -0.215025 0.252685 0.416885 0.307091 0.114763 -0.00623204 -0.00742377 -0.124097 0.124937 0.188784 0.120962 -0.0201745 0.256287 -0.22635 -0.279926 0.112151 0.0599108 0.12146 -0.128111 0.124318 0.2679 0.00622364 0.299755 -0.1223 -0.131048 0.00446357 -0.11143 -0.110214 -0.190465 
-0.301185 -0.0379738 0.132408 0.165969 0.0604157 -0.123247 -0.103876 -0.0357002 -0.00522314 0.0403996 -0.129163 0.0936372 -0.227663 0.0449568 -0.106257 0.0588937 0.24176 0.0678537 -0.160473 0.0559889 0.291473 -0.110615 0.206573 0.266781 -0.125369 -0.0974885 0.0667528 -0.405672 0.238979 0.310567 -0.292062 0.00758763 
-0.16133 -0.316276 0.209304 -0.239542 0.0511651 -0.20074 -0.0319649 0.156558 0.137062 -0.112532 -0.233834 0.0145375 0.221181 0.28631 -0.16052 0.180901 0.119557 0.17204 -0.170706 -0.12466 -0.00908604 0.0261131 0.0918577 -0.268661 0.166749 0.0899587 0.235905 -0.0282223 0.200518 -0.186113 0.274182 -0.127519 
-0.161184 0.22572 0.185371 -0.157547 0.0740616 0.0572782 -0.331229 -0.189041 0.316506 0.189048 0.151782 -0.048973 -0.113804 0.143337 0.0546691 -0.0474929 0.0820202 -0.280482 0.310645 0.131742 0.260898 0.17216 -0.0359155 -0.193459 -0.1681 -0.040898 0.107725 -0.124033 0.00395067 -0.319995 0.0807763 0.0896983 
0.0759918 0.0410624 -0.0683614 0.0415243 0.241525 0.112336 0.26006 0.185204 0.0435391 0.296163 0.0331606 0.151001 -0.184825 0.0617305 0.106142 -0.228924 -0.00627872 0.214915 -0.266767 0.40894 -0.267522 -0.0505309 0.123536 -0.262801 -0.0833438 0.00484686 0.192084 -0.147634 0.0307746 -0.249554 -0.14708 0.0671839 
-0.0342708 0.250112 -0.15308 0.0635161 -0.0716581 -0.0332541 0.214922 0.247052 0.24429 0.0494195 -0.432209 -0.240463 -0.220935 0.129232 -0.179108 -0.186358 0.153712 -0.040606 0.0331143 -0.132947 0.207109 -0.0577825 0.0509412 -0.243154 -0.0790106 0.0846741 -0.13586 0.11376 -0.333887 0.141261 0.00417336 -0.167339 
-0.327922 -0.0668397 0.0456883 0.0768417 -0.161674 0.288423 0.211054 -0.275003 -0.193781 -0.291616 0.136414 -0.0155105 -0.308201 0.364164 -0.0188536 0.0716554 0.0939072 0.0740756 -0.140239 0.0679362 -0.0649449 -0.0490317 0.0928269 0.025637 -0.213286 -0.0922939 -0.126794 0.177527 -0.119999 -0.115908 0.285911 0.101542 
-0.0873911 0.095059 0.182176 -0.053892 0.103725 0.0681713 -0.302724 -0.0538408 -0.10078 0.0541647 -0.18211 -0.186406 0.133069 0.248869 -0.0519727 -0.256155 -0.0683245 0.0387719 -0.071043 -0.142836 -0.463119 -0.014779 -0.152504 -0.0422883 -0.122274 0.122265 -0.471738 -0.240385 0.0962494 0.0491238 -0.0998108 0.0714214 
0.117671 -0.163317 0.00227864 -0.261146 0.165057 0.255671 -0.183036 -0.258283 0.450833 -0.0467389 -0.0805442 0.0556571 0.0164883 -0.0978366 0.0681972 -0.00330357 -0.134717 0.0643499 -0.380468 0.0327789 0.0294747 -0.0472788 0.0111607 0.0267959 -0.042351 -0.392321 -0.101812 0.101114 -0.186632 0.173341 -0.0296015 -0.234111 
0.0477749 -0.195926 -0.216071 -0.299065 -0.249038 -0.0539376 0.0712198 -0.240374 0.0182193 0.087457 0.0749279 0.185563 0.0873189 0.0637833 -0.26423 -0.227615 0.0781732 0.091643 0.231926 0.00640767 0.115168 -0.43957 0.0484828 -0.137386 -0.0878636 0.00918719 -0.164895 0.162336 0.238402 -0.116639 -0.2936 0.00598834 
-0.0869534 -0.16376 -0.0975939 0.117884 -0.0784836 0.0460282 0.017636 -0.0541528 0.174779 0.227093 0.403345 -0.195974 0.167984 -0.0391511 -0.206354 0.330184 0.220792 0.0268104 0.0526891 -0.126961 -0.283792 -0.128357 0.0838468 -0.0787491 -0.0927497 0.10493 0.0747731 -0.272362 -0.400754 0.056658 -0.092118 -0.125773 
-0.133613 -0.0621231 0.0714147 -0.142871 -0.0725213 0.0572004 0.0637049 0.184598 0.00279556 0.012329 0.269251 -0.141776 -0.217425 -0.162289 0.229359 -0.129228 0.0819783 -0.05231 0.043843 -0.213408 -0.145232 0.24496 0.2078 -0.0366185 -0.182118 0.0508421 -0.0545777 0.163476 0.361156 0.0498858 -0.0922147 -0.530109 
0.00674163 0.282893 -0.085372 -0.0465216 0.0309048 -0.13015 0.00906437 0.0616271 0.00389562 -0.078562 0.0679892 -0.275951 -0.11279 -0.0553223 0.173639 0.326474 -0.319375 0.0104322 -0.0118828 -0.0264564 -0.0101638 -0.547273 -0.0602921 -0.23921 -0.144532 -0.163483 0.0301903 -0.139762 0.27088 0.0803276 0.194049 -0.0161208 
-0.114983 0.177666 -0.3324 -0.37016 0.186148 -0.118913 0.181668 -0.0420042 -0.0539856 0.00532027 0.0758945 -0.18893 0.237652 0.160715 0.416253 -0.0202482 0.352921 0.275658 -0.0237605 -0.104838 0.128073 0.0912039 -0.12716 0.201146 0.00316567 -0.0891957 -0.0165329 -0.07122 -0.0581087 -0.0135509 -0.0442403 0.107187 
0.158183 -0.282614 0.0477565 -0.237295 0.076951 -0.102326 0.211617 -0.148263 -0.000810746 -0.20805 0.122546 -0.378292 -0.0339131 -0.000143342 -0.0669215 -0.115021 -0.216378 -0.149997 -0.10598 0.132727 0.148981 0.214382 0.0581007 -0.173236 -0.191159 0.293742 0.100044 -0.111415 -0.00429531 0.300604 -0.108861 0.293099 
0.269905 0.0900486 0.242934 -0.0292727 0.117284 -0.0548598 0.157922 -0.266108 -0.280988 0.362486 -0.0282531 0.220575 0.00897448 0.122584 0.147206 0.182908 0.034382 -0.0200172 0.0335693 -0.290568 0.0863284 0.0951742 0.354519 -0.312087 0.0439503 -0.119361 -0.15541 0.0187963 -0.0604754 0.201081 0.0512354 0.0498399 
0.296913 -0.0414398 -0.233119 0.221251 -0.16664 0.0843247 -0.00551744 -0.259326 0.0449349 -0.203114 -0.109637 0.15148 0.10373 0.0546109 0.245863 -0.280423 0.0684305 -0.10292 -0.0404139 -0.164895 0.0478041 -0.0590029 0.0785088 -0.00777261 -0.140818 0.190012 0.152264 -0.446982 0.0485667 -0.0879358 0.267065 -0.239132 
0.245981 -0.0988313 -0.0367825 0.139744 0.286352 -0.364792 0.160372 0.109593 0.0814126 -0.150403 0.20402 0.0887068 -0.0214435 0.423731 -0.101733 -0.013681 0.121012 -0.409595 0.0514059 0.0924177 -0.122193 -0.0108368 -0.160913 0.0973033 -0.0366526 -0.303357 -0.124064 0.0215498 0.044808 0.0273492 -0.0315188 -0.172563 
0.0314366 -0.246759 -0.122737 0.107134 0.156537 -0.197035 -0.17621 0.285739 0.130268 0.142699 0.149402 0.11494 -0.0791662 0.027046 0.0860188 -0.00810626 -0.234651 0.123162 -0.122185 -0.285801 0.220771 -0.0524795 0.187068 0.198369 -0.340861 0.163248 -0.259292 0.0904306 -0.108783 -0.238101 0.140255 0.221596 
0.218327 -0.17976 0.121595 -0.144637 -0.0738653 0.309921 -0.0526838 0.221724 -0.127737 0.114168 0.169793 0.0724649 -0.357961 0.153577 0.0335344 0.0258822 0.106329 0.0322695 -0.104875 -0.247103 0.213869 -0.105722 -0.550886 -0.0700946 0.160077 0.084463 0.0554984 -0.14748 -0.0227462 0.0603056 -0.0496638 -0.00108816 
-0.100041 -0.277501 -0.300421 0.0818177 0.393575 0.148069 -0.145698 -0.029091 -0.295234 -0.091999 -0.301959 0.0520488 -0.0385681 -0.132028 -0.0284296 0.15785 0.0475396 -0.00730325 0.268605 -0.0961191 -0.0430251 0.102534 -0.167673 -0.245928 -0.364225 -0.133067 0.165804 0.0615685 -0.0214084 -0.0188283 -0.120192 -0.0375771 
-0.243626 -0.0292779 -0.300541 0.0562975 0.209718 -0.0188506 -0.041179 -0.194404 -0.0129017 -0.0208601 0.0392425 -0.104419 -0.206177 -0.0838712 -0.00196192 -0.0832191 -0.0250283 -0.372496 -0.261383 -0.31644 -0.0475807 -0.0767408 0.136598 -0.102475 0.508406 0.0405091 0.0118795 0.0135602 0.047263 -0.211977 -0.152154 0.130548 
0.159725 0.0388974 -0.190918 0.041531 0.155607 0.175643 -0.197066 -0.0631406 -0.225735 0.332254 0.0737423 -0.360386 0.0330376 0.274018 -0.31905 -0.16459 -0.13104 0.109383 0.00297056 0.0367782 0.105284 -0.00425682 0.15279 0.255902 0.0695904 -0.0535186 0.271013 0.139107 0.128214 0.0849123 0.222505 -0.176339 
-0.216868 -0.178591 -0.0257036 -0.257226 -0.190903 -0.248088 -0.0125075 -0.0694954 -0.0491182 0.351717 -0.230024 0.129731 -0.159552 0.100308 0.259171 -0.056764 -0.133595 -0.28618 0.0301685 0.0410851 -0.274563 -0.148522 -0.0938494 0.221515 -0.0874164 0.092025 0.277221 0.0918988 -0.190845 0.197182 0.122213 -0.0138397 
32 32
-0.282981 0.195522 -0.176382 -0.115345 0.244189 0.164271 0.000226002 0.0732936 0.181081 0.0267799 0.112186 -0.293806 -0.171725 -0.240978 0.108574 0.0605616 0.178063 0.00548682 0.0851793 0.129891 0.0655535 0.29787 0.448958 0.0472357 0.0628877 0.0706023 0.00191557 0.113127 -0.0702232 -0.0055743 -0.217702 0.288238 
0.0993584 -0.0773406 0.249381 0.165395 0.264491 -0.235392 -0.110812 0.287783 -0.37133 -0.107926 0.0252032 -0.126085 -0.0556909 -0.0944155 0.00685811 -0.0787724 -0.148945 -0.110841 -0.0894705 0.173505 0.196834 0.456393 0.0389933 -0.0903534 -0.0182364 0.0383095 0.238254 -0.18878 -0.127202 0.0429207 0.0969682 -0.19716 
0.188965 -0.24931 -0.100323 0.205481 0.152899 0.0358329 -0.0839258 0.158769 0.275303 0.021544 -0.166891 0.177622 0.125936 0.164211 0.228486 0.192989 0.044278 -0.132845 -0.303805 -0.196644 0.327569 0.0983236 0.0405525 -0.121733 0.0408244 0.0280561 -0.256601 0.0745374 -0.0618083 -0.0110063 -0.395722 -0.0812711 
0.113069 0.100183 0.158751 -0.261414 -0.309315 -0.136318 0.0654875 0.199163 0.202912 0.316449 -0.076229 -0.198615 -0.103483 0.257399 -0.224167 -0.0372797 0.150995 0.116737 -0.127536 0.00378722 0.0729984 0.048744 0.095557 0.355033 0.163604 0.128602 0.107586 -0.171851 -0.174957 0.0127384 -0.171204 -0.264886 
-0.155547 0.0807583 0.0110687 0.137638 0.0193188 0.278558 -0.210972 0.202395 0.154661 0.106599 -0.0500204 0.282285 0.0749738 0.0692734 0.0525139 0.136711 0.0721257 0.149534 0.184856 0.0449484 0.00574324 0.248654 -0.284356 0.2791 -0.0947394 -0.425644 0.363452 -0.0731794 0.0784132 -0.127122 -0.0464999 0.031534 
-0.224172 0.19061 -0.241873 0.198432 0.183608 -0.0371114 0.274223 -0.204246 -0.0907848 0.230979 0.0754691 0.0286271 -0.0573321 0.346588 0.0939712 0.122077 -0.0592944 0.0903621 0.122175 0.0230528 0.137586 -0.0334795 0.109199 -0.173127 0.259253 -0.19458 0.0920179 0.10347 -0.109113 0.222021 0.127453 -0.396866 
-0.281523 -0.125387 -0.133902 -0.284939 -0.0601802 -0.104138 -0.114742 -0.241407 -0.0965555 0.000157161 -0.138739 0.231763 0.0265561 -0.288458 -0.23563 0.141259 -0.182696 0.0641556 0.0772324 -0.321891 0.197418 0.0497139 -0.0040982 -0.147691 0.110822 0.107128 0.225888 -0.0812133 -0.301918 -0.258673 -0.151119 -0.0754231 
-0.0323014 0.284332 -0.147129 -0.195887 0.146905 0.121286 0.00728273 -0.205043 0.162868 -0.143098 -0.0327239 0.230522 0.182088 -0.0867257 0.0497235 -0.389558 -0.00801373 -0.107123 -0.0753835 0.261948 0.0333392 0.0423024 -0.0965042 -0.0343026 -0.0256566 0.0806111 -0.0663489 -0.483326 0.0870726 0.200721 -0.209406 -0.217884 
0.218784 -0.106514 -0.24089 0.281777 0.0525456 -0.177522 0.154973 -0.259794 -0.158274 0.30043 -0.238159 -0.00376681 0.0394195 -0.141528 -0.000872416 0.0570936 0.0346511 -0.362676 0.110835 0.138872 -0.167109 -0.069482 0.089967 0.303432 -0.116948 0.085372 0.291494 -0.0257455 0.0627009 -0.0257992 -0.2594 0.0706056 
-0.267961 0.152889 0.225849 0.249811 -0.149407 0.151013 -0.0641913 -0.291814 0.0713759 -0.172032 -0.117352 -0.0627554 0.302761 0.120048 -0.189467 0.225693 -0.236524 -0.15695 -0.298217 0.0230931 -0.0039244 0.207975 0.0558844 0.241558 0.158287 0.205032 0.00799473 0.0677253 0.0280289 0.170426 0.135141 0.130658 
-0.0231858 -0.139675 -0.239595 -0.0820242 -0.242987 0.182388 -0.100127 0.156023 -0.0859082 0.0407838 -0.241595 0.148334 0.139703 0.15475 0.238022 -0.121129 -0.226498 0.0748813 0.115416 0.328543 -0.189049 0.168846 0.272465 -0.00673147 0.0143159 0.249209 -0.104917 0.147571 -0.0194668 -0.319232 0.179806 -0.196273 
0.20655 -0.167512 0.0322968 -0.0347781 0.0725166 0.0852316 -0.15546 -0.152553 0.209592 0.225545 0.14089 -0.370667 0.30434 -0.227387 -0.210095 -0.0646066 -0.312044 0.17129 -0.00218616 0.281953 0.0513299 -0.0231952 -0.100927 -0.144732 0.133623 -0.229511 0.0226934 0.2327 0.0984377 -0.0518513 -0.149416 -0.148176 
0.137168 -0.132277 0.0883523 0.12339 0.0344048 0.21645 -0.133567 0.0633402 0.129291 0.234675 -0.194024 0.126165 -0.0762194 -0.363632 0.0980959 -0.201914 -0.0802173 0.0844437 0.202737 -0.251364 -0.0504458 -0.00131305 0.0706116 0.133466 0.188459 0.0917361 -0.0656608 0.00384906 -0.212229 0.507758 0.249605 -0.0192677 
-0.25914 -0.042863 0.0209803 0.156319 -0.0328819 -0.308115 0.0140846 0.141416 0.194532 -0.132746 -0.227429 0.270797 -0.21194 -0.192905 -0.285731 -0.080246 0.203566 -0.0117775 -0.0818012 0.439375 -0.0314899 -0.0779324 -0.141084 -0.0489416 0.0818935 -0.0281189 -0.0766724 0.358761 -0.102896 0.0944875 -0.0347266 -0.0754782 
-0.115172 -0.0574122 0.091162 -0.255832 0.266369 -0.221364 -0.366271 -0.0960899 0.0420352 0.105584 -0.238481 -0.0919419 -0.149358 0.347758 0.0506008 0.190112 -0.247006 0.0312746 0.300887 0.165835 0.0568872 -0.0821579 -0.132949 0.0395118 -0.226868 0.133472 -0.139183 -0.0308634 0.0190679 0.237751 -0.0629089 0.162623 
-0.023684 -0.146253 -0.0221506 0.108222 -0.0932074 -0.220932 -0.189786 -0.208971 -0.0590033 -0.1264 0.0907202 -0.0203107 0.323182 0.222324 -0.165501 -0.377808 0.376852 0.0678309 0.355408 -0.190102 0.0686212 0.294915 0.133312 0.0420778 -0.0686254 -0.0430148 -0.102485 0.158667 0.0178705 0.0822816 -0.0831209 -0.00448675 
0.221737 0.039741 -0.0430955 0.0369129 -0.127359 0.192126 -0.29193 0.0157946 -0.285916 -0.254206 0.141354 0.136324 -0.122479 0.212167 -0.00881895 -0.076514 -0.0539652 0.0966697 -0.029476 0.159463 -0.0187195 -0.249622 0.115707 -0.0428197 0.32903 -0.00917589 0.273711 0.0822061 -0.191484 0.188581 -0.355404 0.227041 
-0.181307 -0.170021 0.0773241 -0.0874692 0.149146 0.00981179 0.346211 0.295641 0.032683 -0.282931 0.122904 -0.0340246 0.07221 0.0287438 0.0249665 -0.0529177 -0.276403 -0.117201 0.302813 -0.180432 -0.172359 -0.0200466 -0.158979 0.226947 0.212179 0.167866 0.0514973 0.159615 0.188154 0.0683234 -0.311318 -0.16896 
0.0939702 0.246249 0.240987 -0.171531 -0.131944 -0.250102 0.0935182 0.111664 0.186287 0.271807 0.315303 0.358918 0.281411 0.0011513 0.158332 0.01628 -0.127041 -0.250104 0.0991138 0.0492552 0.0151922 0.0583585 0.0868962 -0.220789 -0.0764989 0.0827271 0.176728 0.208115 -0.103384 0.0859186 0.0191823 0.209658 
-0.24412 -0.0498407 0.230849 0.151019 -0.174441 0.046433 -0.177008 -0.000931497 -0.147432 0.291522 0.186404 0.165642 -0.284256 -0.0195449 -0.148677 -0.0801576 -0.192713 -0.251862 0.0363334 -0.0408085 -0.115624 0.0237068 0.241841 -0.0499238 0.0612551 -0.238473 -0.356576 -0.180992 0.234819 -0.0745742 -0.233588 -0.0709054 
-0.100539 -0.293215 0.0160115 -0.302873 0.0850512 -0.129125 -0.299947 -0.141652 0.116334 -0.148885 0.191687 0.0442274 -0.0128961 -0.0441692 0.257931 0.0812319 0.138416 -0.224137 -0.248755 -0.0146593 -0.13436 -0.142535 0.248017 0.236803 0.0140896 -0.20121 0.220566 0.0969385 0.0968783 0.0991842 0.182266 -0.299537 
0.000858049 0.241796 0.085235 0.0449627 0.257814 0.265355 -0.195023 0.215976 0.0903405 -0.0264763 -0.213485 -0.122471 0.115731 0.125825 -0.34103 -0.0751119 0.0915413 -0.358853 0.0991785 -0.170272 -0.147583 -0.279106 0.172186 -0.226282 -0.167872 0.0227694 0.14973 0.0903035 -0.1195 -0.128135 0.056113 -0.201104 
-0.194722 -0.0765457 0.241181 0.108408 0.198514 0.196726 -0.0893103 -0.0689165 -0.185454 0.230977 0.281383 0.0510148 0.11611 -0.0441427 0.12917 -0.0661161 0.259767 -0.01303 0.0432296 0.170196 0.292845 -0.288435 -0.192591 0.222241 0.0638722 0.369076 -0.0963057 0.0457928 -0.133008 -0.246499 0.0286546 -0.0678095 
0.0906303 -0.115533 0.338971 0.138376 -0.225255 0.167847 0.0492107 -0.309345 0.249279 -0.17494 0.0315598 -0.102533 -0.237349 -0.0171958 0.201965 0.229132 0.171806 -0.0401277 0.279292 0.111422 -0.178744 0.142855 -0.0725756 -0.295606 -0.069805 0.148878 0.113995 -0.0940925 -0.143411 -0.0328003 -0.135879 -0.240086 
-0.237052 -0.186017 0.0977893 0.17139 -0.178203 -0.137696 0.117256 0.206526 0.0813496 -0.133333 -0.108513 -0.135692 0.354227 -0.0763677 0.112701 0.0920186 -0.0184168 0.0956284 0.178202 0.153128 0.162083 -0.381393 0.303935 -0.0405431 -0.0342826 -0.198631 0.0233646 -0.394446 -0.117386 0.0612518 -0.00627069 0.106367 
-0.0140333 0.168798 0.137086 -0.142195 -0.162867 0.111866 -0.0170646 0.0814297 -0.346498 0.0526093 -0.203374 0.0435518 0.126892 -0.219368 0.0349006 0.248474 0.193888 0.1982 -0.00348739 -0.01385 0.167076 -0.0402557 0.110279 -0.106626 -0.181111 0.106442 0.052363 0.197124 0.456582 0.282452 -0.181795 -0.236427 
