1
16
16 16
-0.412632 0.0120208 -0.263143 -0.370792 0.214092 -0.447108 0.093096 -0.252875 0.102493 -0.27042 -0.251189 0.0585078 0.28824 0.255836 0.010245 -0.0755964 
-0.184463 -0.402985 -0.406883 0.223819 -0.295086 0.178119 0.0930308 -0.167278 -0.0550787 0.297878 0.0854383 0.145483 0.410949 0.0220759 0.0111841 0.377846 
0.0846005 -0.0942113 -0.0825555 -0.422254 -0.0781296 0.142077 0.270118 0.452653 -0.198478 0.421122 -0.213408 -0.047292 -0.0227547 0.39423 0.194772 -0.19057 
0.335323 -0.192752 0.262737 0.00464961 0.0648634 -0.341108 0.355807 -0.0577691 -0.531655 -0.247729 0.26651 0.0312264 0.0885744 0.176473 0.0139102 0.275035 
-0.0592484 0.360792 0.208336 -0.0248476 -0.030792 -0.280365 0.215664 0.280041 0.277025 0.191016 -0.15865 0.0492833 0.134074 -0.278853 0.295109 0.542363 
0.376963 0.335693 -0.0503078 -0.16492 0.178242 0.067676 -0.338822 -0.109897 0.081765 0.187673 0.255966 -0.337271 0.515289 0.228671 -0.0694537 0.0918544 
-0.102222 0.379258 -0.343298 -0.169885 -0.249524 0.195994 0.0770057 0.131314 0.0741732 -0.335137 0.430645 0.153849 -0.301614 0.293401 0.000294781 0.266744 
0.0289377 0.0937792 0.232892 -0.168888 -0.154161 0.165906 -0.484128 -0.297909 -0.288538 -0.030286 -0.277019 0.404728 -0.0363564 0.129426 0.40504 0.162295 
-0.427961 0.0310067 0.182 0.0595313 -0.441519 -0.127885 -0.303454 0.334793 -0.318568 -0.180247 0.0158355 -0.43419 0.192845 -0.0014942 -0.0562975 -0.0254597 
0.414259 -0.31663 -0.211783 0.19389 -0.234911 -0.256484 -0.196444 0.119207 0.369085 -0.266269 -0.204332 -0.214306 -0.114755 0.235192 0.325129 0.0541025 
0.319008 -0.0485539 -0.338541 -0.449233 -0.149012 0.0722812 -0.0271862 0.113709 -0.177047 -0.265807 -0.135705 0.0304616 0.146166 -0.621802 -0.094808 -0.00504741 
-0.0546631 -0.168058 0.247026 -0.401932 -0.246036 0.153681 0.187759 -0.476792 0.179423 0.0702907 -0.0330298 -0.486979 -0.260173 -0.029558 -0.0580019 0.228387 
0.174386 0.0148303 0.287837 -0.123592 -0.523721 -0.221496 0.0151378 -0.00502617 0.2894 0.0875501 0.029901 0.412358 0.166818 0.122699 -0.452521 -0.194004 
-0.145915 -0.365071 0.0443272 -0.327734 0.112643 -0.287268 -0.317045 0.110928 0.127405 0.217605 0.580873 0.120338 -0.129206 -0.177768 0.247383 -0.0552358 
0.089399 0.322056 -0.357628 0.120651 -0.232188 -0.477931 -0.0344888 -0.28156 -0.292957 0.407541 -0.0101986 -0.101808 -0.315439 -0.087915 -0.00321575 -0.115823 
-0.00126628 -0.164022 -0.0707708 -0.0846215 0.253548 -0.108268 -0.335993 0.212564 -0.0719076 0.119986 -0.245419 0.0336972 -0.283634 0.131916 -0.564318 0.479171 
16 16
-0.0842778 -0.390981 0.0635452 0.300404 0.458091 0.114765 -0.273995 -0.204902 -0.180724 0.393029 0.139729 -0.162904 -0.255968 0.191454 -0.231288 -0.129659 
0.266744 -0.13265 0.431491 -0.0579546 0.13062 0.444419 0.309558 -0.31489 0.0703605 -0.178832 -0.163488 0.396599 0.0579335 -0.0970431 -0.256139 -0.113249 
-0.205775 0.248674 -0.213395 0.436037 0.326087 -0.0141883 -0.123278 -0.00901728 0.522111 0.0441883 -0.093962 0.301077 0.0164086 -0.402057 -0.0220026 0.0436803 
0.3618 0.198112 0.165463 -0.211535 0.00614331 0.172983 -0.354634 -0.0862198 0.198062 0.569218 -0.119754 -0.00358816 0.311831 0.0729585 0.336346 0.0358826 
-0.109035 0.120185 0.207747 0.141517 -0.158134 -0.380206 0.13224 0.0754182 -0.295336 0.368934 0.0938759 0.168042 0.443035 -0.217126 -0.357025 -0.29405 
0.205802 -0.0206798 0.370307 0.150739 -0.0168653 -0.424843 0.13855 0.241301 0.498995 0.0178037 -0.208585 -0.129709 -0.201882 0.394335 -0.158107 -0.0909401 
-0.265447 0.17026 0.331222 0.143057 -0.0138859 0.276341 -0.431196 0.482075 -0.256944 -0.211207 -0.304049 0.159335 -0.0245037 0.133007 0.0525923 -0.161164 
-0.404304 0.226524 0.235814 0.206987 0.0934981 0.0876674 0.450578 -0.181203 -0.0126488 0.100427 0.206253 0.008736 0.0284084 0.298304 0.529091 -0.109078 
0.0945727 0.345833 0.125435 -0.321442 0.358693 -0.10354 0.209345 0.145437 -0.223153 0.184213 -0.150379 -0.131107 -0.505731 -0.391039 0.0652869 -0.107543 
-0.132054 0.332354 -0.184487 -0.150655 -0.284566 0.0449147 -0.208002 -0.434851 0.145811 -0.0570463 -0.0610493 -0.0636901 -0.217204 0.133423 -0.180797 -0.608318 
-0.125485 -0.183298 0.226111 0.303314 -0.487572 0.203683 0.0642702 -0.107659 0.066772 0.154448 -0.26636 -0.445909 -0.134036 -0.428043 0.0741838 0.088374 
0.152037 -0.289354 -0.299639 0.0810387 0.254747 -0.00719682 0.176865 0.120618 -0.033269 -0.122709 -0.389286 -0.227518 0.329809 -0.0550076 0.270703 -0.530546 
0.430525 -0.133082 0.107141 0.292643 -0.18554 -0.185432 -0.190333 -0.00411556 -0.0952301 -0.13895 0.376632 0.281355 -0.268433 -0.206202 0.394777 -0.273774 
-0.249935 -0.281355 0.115202 -0.373732 -0.0104385 0.230366 0.0082593 0.384498 0.400453 0.0793872 0.459514 -0.0573515 0.0237729 -0.191337 -0.0246833 -0.292316 
0.357936 0.434757 -0.0152161 0.305032 0.0929336 0.322675 0.0707553 0.161768 -0.015588 -0.164433 0.366842 -0.451006 0.161543 0.0169451 -0.229895 -0.0341297 
-0.138402 0.00289239 0.419045 -0.150052 0.277603 -0.322875 -0.314166 -0.334349 0.0431637 -0.40953 0.0828344 -0.311903 0.258407 -0.203124 0.0841134 0.0457075 
16 16
-0.235408 -0.223005 0.174069 -0.109922 -0.0379774 0.305039 -0.196061 -0.392946 0.462668 0.0863088 -0.174431 0.126021 -0.0723586 -0.125917 0.0205505 0.525166 
-0.0173514 -0.161937 0.142212 -0.356951 -0.39192 -0.361527 -0.0239439 0.168293 -0.215716 0.403617 0.0926344 -0.0214743 0.436239 -0.0256952 -0.0574016 0.316064 
0.0281478 -0.43053 -0.375118 -0.0008375 -0.22568 0.270603 0.162782 -0.165607 -0.31551 -0.364076 -0.0256235 0.00498128 0.204764 -0.418911 -0.210993 -0.0185625 
0.305307 0.295951 -0.0470734 -0.413685 0.389776 -0.160464 -0.116719 -0.309175 -0.288838 -0.129681 -0.249063 -0.152033 0.0259254 -0.259367 0.257047 0.198884 
0.297287 -0.299643 0.381889 -0.188997 -0.247975 -0.271722 -0.205685 -0.108502 0.329718 -0.230354 -0.0821902 -0.174862 -0.0801269 -0.16402 0.0153818 -0.467124 
0.248981 -0.143174 -0.198057 0.291982 -0.0491695 -0.091167 -0.253175 -0.499914 -0.171903 0.479578 0.031689 0.358774 -0.00516684 0.0600304 0.139785 -0.236327 
-0.0134647 -0.332362 0.375834 0.0758033 0.552731 0.15941 -0.345355 0.287411 -0.257465 0.135048 0.0700128 0.0849769 0.0433568 -0.217345 -0.247296 -0.0513452 
0.331311 0.284488 -0.0643433 -0.292758 -0.048605 0.411731 -0.317496 -0.00717538 0.162248 -0.143245 0.297527 0.193348 0.385234 0.25501 -0.232359 -0.080859 
0.0596733 0.0894862 0.414629 0.417552 -0.163451 0.0479862 -0.0426287 -0.0285651 -0.16657 -0.342431 0.292727 0.107842 0.236497 -0.0914426 0.512645 0.202707 
-0.223594 0.314784 0.213412 0.333935 -0.0364827 -0.137421 -0.103639 -0.407347 -0.0982441 -0.0347622 -0.114715 -0.36128 0.261866 0.020556 -0.521964 -0.0314062 
-0.154466 -0.253635 0.285993 -0.274629 0.0208619 0.0475033 0.162579 -0.26794 -0.390238 -0.232566 -0.0746694 0.148737 -0.138922 0.630993 -0.0227082 -0.040523 
-0.450658 0.0492486 -0.236405 -0.164016 -0.134699 -0.145457 -0.562936 -0.0334872 -0.160864 -0.153834 0.422401 -0.110274 -0.324927 -0.0594992 0.0669671 -0.0254329 
0.415677 0.159607 0.118458 0.118201 -0.295307 -0.0674052 -0.0701068 0.118222 -0.181937 -0.0850046 -0.04612 0.220647 -0.537701 -0.0645304 -0.393842 0.351506 
0.26573 -0.118844 0.085977 -0.0263064 -0.0100258 0.331421 0.192388 -0.164687 -0.0686463 0.296171 0.44178 -0.621299 -0.221815 0.0459876 0.0486701 0.0762036 
-0.132935 0.156778 0.17877 -0.2016 0.165356 -0.183859 0.443145 -0.256378 0.111828 0.0279368 0.494058 0.374945 -0.0702228 -0.332923 -0.18799 -0.113234 
-0.219954 0.33375 0.259933 -0.182891 -0.330214 0.45542 0.0139724 0.0585194 -0.244282 0.25791 -0.269969 0.0700137 -0.111764 -0.265253 0.133032 -0.338562 
16 16
-0.19967 0.0480027 -0.0135458 -0.186234 0.264344 -0.233117 -0.324331 0.364506 0.163242 -0.594534 -0.0862418 -0.299584 -0.115645 -0.000693848 0.189329 0.184818 
-0.408384 -0.0911071 -0.00339211 0.0852927 0.207532 -0.339585 0.0236239 -0.465986 -0.239663 -0.112682 0.0652994 0.109669 -0.260783 -0.349958 0.163712 -0.371268 
0.0103496 0.373431 -0.292601 0.282083 -0.29634 -0.205442 -0.250145 -0.210352 -0.10637 0.18937 -0.382539 -0.217057 -0.369158 0.167354 0.0299344 0.229359 
0.243835 -0.145134 0.267581 -0.209394 -0.289189 0.200418 0.242421 -0.0644349 0.0689047 -0.355772 -0.409885 0.0733445 -0.459411 0.123201 0.0519474 -0.289267 
-0.257617 -0.183968 -0.141789 0.154347 -0.38536 -0.18258 -0.0572537 -0.155097 0.365211 -0.196792 -0.273576 0.215274 0.539914 0.158651 0.154536 -0.113315 
-0.0965656 0.337916 0.474959 0.147788 -0.0593476 -0.25624 -0.100651 0.274537 -0.255978 -0.0781809 -0.0293144 0.601499 -0.00524685 0.132892 -0.119189 0.0904797 
0.129559 -0.13347 0.0348516 0.380718 0.0935286 0.187156 -0.473574 0.0240009 0.524198 0.0399057 0.0574112 0.238856 -0.278367 -0.288418 -0.209492 -0.0965998 
0.0148653 0.248021 -0.152342 0.565445 0.121039 0.0976603 0.559912 -0.0303597 0.120176 -0.430262 0.163739 -0.038618 -0.0318264 0.0312625 -0.111167 0.120413 
-0.426368 0.24823 0.00564644 -0.222941 -0.559999 0.222524 -0.0808604 -0.0170686 0.0919091 -0.112084 0.496032 -0.0967298 -0.149777 -0.0410141 -0.184682 -0.0476881 
0.108051 -0.199519 -0.463985 0.183305 -0.212539 0.102312 -0.0662809 0.4479 -0.32294 -0.0495697 0.19482 0.236502 -0.140097 -0.0080729 0.432411 -0.177989 
-0.383169 -0.384704 -0.214849 0.0355946 0.212372 0.217064 -0.0917043 -0.00113355 -0.226804 -0.0598772 -0.117364 0.0958387 -0.127668 0.481114 -0.479446 0.0387898 
0.238954 -0.226342 0.378738 0.381659 -0.168934 -0.0672505 -0.293374 -0.107693 -0.302883 -0.188225 0.230757 -0.435565 0.170264 0.183043 -0.0534985 -0.19065 
-0.111418 -0.318671 0.204078 0.0765898 -0.0289649 -0.363666 0.229398 0.0684767 0.342518 0.295142 0.301952 -0.0358467 -0.333973 0.385263 0.24709 0.173808 
-0.0647468 -0.0352409 -0.0832337 0.0625236 -0.131272 -0.391149 0.217083 0.482345 0.0533085 0.171588 -0.174318 -0.249827 -0.00367408 -0.208279 -0.450471 -0.402883 
0.303165 -0.344674 -0.172778 -0.163124 -0.248175 -0.357324 0.0328466 -0.153276 -0.115583 -0.238167 0.132468 0.170408 -0.0484245 -0.275801 -0.317635 0.472242 
-0.36769 -0.281554 0.298551 0.240144 -0.167654 0.282577 0.124462 0.165305 -0.149286 0.111944 -0.279305 -0.148702 -0.000757985 -0.415636 0.144009 0.399401 
1 16
0.248159 0.211103 -0.648007 0.0187478 -0.307721 0.277511 0.22915 -0.147564 -0.963254 -0.667393 -0.632975 0.058274 -0.67493 -0.635194 -0.546176 0.225549 
1 16
0.0939482 -0.69507 -0.587001 -0.713661 0.289737 -0.692181 0.251886 0.0932782 -0.887132 -0.237001 -0.717052 -0.513182 -0.766376 0.0509047 0.201306 -0.604712 
1 16
-0.95467 0.00279489 -0.0421327 -0.262751 -0.277239 -0.523273 -0.878884 -0.934489 0.0317278 -0.991601 -0.589764 -0.605968 -0.830104 -0.307428 -0.58005 -0.0127393 
1 16
-0.207858 -0.23386 0.241292 -0.12286 -0.0551546 -0.231474 -0.930511 -0.624601 -1.00894 0.0304298 0.33948 -0.23386 -0.610197 -0.377143 -0.843838 -0.32158 
1 16
1 1 1 1 1 1 1 1 1 1 1 1 1 1 1 1 
1 16
-3.37661 -1.20254 -2.23656 -1.43435 -0.436033 -0.160451 -0.254021 -0.805185 -3.75987 1.24181 -0.116138 -4.16179 -3.13234 -1.50705 -3.69797 1.34362 
1 16
-1.75993 0.207785 -0.826609 0.148274 -0.824412 0.536287 -2.7674 1.48828 0.645787 -2.47314 -3.55625 -3.8538 1.27752 1.3731 -0.993606 -3.817 
1 16
-4.0891 -2.51434 -2.11058 -1.91484 -0.0934324 0.327357 -0.919813 0.768654 -1.11794 0.944075 -3.26455 -3.12465 -3.42532 -1.86357 -2.5777 -3.19936 
